0 5 0
50 5 75
100 5 150
150 5 225
200 5 300
250 5 375
300 5 450
350 5 525
400 5 600
450 5 675
500 5 750
550 5 825
600 5 900
650 5 975
700 5 1050
750 5 1125
800 5 1200
850 5 1275
900 5 1350
950 5 1425
1000 5 1500
1050 5 1575
1100 5 1650
1150 5 1725
1200 5 1800
1250 5 1875
1300 5 1950
1350 5 2025
1400 5 2100
1450 5 2175
1500 1 2175
1500 1 2300
1750 1 2175
2000 1 2050
2250 1 1925
2500 1 1800
2750 1 1675
3000 1 1550
3250 1 1425
3500 1 1300
3750 1 1175
3800 5 1175
4000 5 1100
4050 5 1175
4100 5 1250
4150 5 1325
4200 5 1400
4250 5 1475
4300 5 1550
4350 5 1625
4400 5 1700
4450 5 1775
4500 5 1850
4550 5 1925
4600 5 2000
4650 5 2075
4700 5 2150
4750 5 2225
4800 5 2300
4850 5 2375
4900 5 2450
4950 5 2525
5000 5 2600
5050 5 2675
5100 5 2750
5150 5 2825
5200 5 2900
5250 5 2975
5300 5 3000
5350 5 3000
5400 5 3000
5450 5 3000
5500 5 3000
5550 5 3000
5600 5 3000
5650 5 3000
5700 5 3000
5750 5 3000
5800 5 3000
5850 5 3000
5900 5 3000
5950 5 3000
6000 1 3000
6000 1 3000
6250 1 2875
6500 1 2750
6750 1 2625
7000 1 2500
7250 1 2375
7500 5 2375
7500 5 2500
7550 5 2575
7600 5 2650
7650 5 2725
7700 5 2800
7750 5 2875
7800 5 2950
7850 5 3000
7900 5 3000
7950 5 3000
8000 5 3000
8050 5 3000
8100 5 3000
8150 5 3000
8200 5 3000
8250 5 3000
8300 5 3000
8350 5 3000
8400 5 3000
8450 5 3000
8500 5 3000
8550 5 3000
8600 5 3000
8650 5 3000
8700 5 3000
8750 5 3000
8800 5 3000
8850 5 3000
8900 5 3000
8950 5 3000
9000 5 3000
9050 5 3000
9100 5 3000
9150 5 3000
9200 1 3000
9200 1 3000
9450 1 2875
9700 1 2750
9950 1 2625
10200 1 2500
10450 1 2375
10700 1 2250
10950 1 2125
11200 1 2000
11400 5 2000
11450 5 2075
11500 5 2150
11550 5 2225
11600 5 2300
11650 5 2375
11700 5 2450
11750 5 2525
11800 5 2600
11850 5 2675
11900 5 2750
11950 5 2825
12000 5 2900
12050 5 2975
12100 5 3000
12150 5 3000
12200 5 3000
12250 5 3000
12300 5 3000
12350 5 3000
12400 5 3000
12450 5 3000
12500 5 3000
12550 5 3000
12600 5 3000
12650 5 3000
12700 5 3000
12750 5 3000
12800 5 3000
12850 5 3000
12900 5 3000
12950 5 3000
13000 5 3000
13050 5 3000
13100 5 3000
13150 5 3000
13200 5 3000
13250 5 3000
13300 5 3000
13350 5 3000
13400 5 3000
13450 5 3000
13500 5 3000
13550 5 3000
13600 5 3000
13650 5 3000
13700 1 3000
13700 1 3000
13950 1 2875
14200 1 2750
14450 1 2625
14700 1 2500
14950 1 2375
15200 1 2250
